AfsharMahnaz:-0.978494623655914
alimotahari_ir:-0.897435897435897
azarijahromi:-0.831683168316832
BBCBastani:-0.638297872340426
BehnoudMasoud:-0.445544554455446
Eshaq_jahangiri:-0.739583333333333
HaddadAdel_ir:-0.623762376237624
hesamodin1:-0.524752475247525
ir_aref:-0.643564356435644
ir_rezaee:-1.07692307692308
IsraelPersian:-1.21505376344086
Jedaaal:-1.15841584158416
Khamenei_fa:-0.772277227722772
mah_sadeghi:-0.792079207920792
MohajeraniSayed:-0.623762376237624
mostafatajzade:-1.02970297029703
Rouhani_ir:-1.46534653465347
t_alidoosti:-0.666666666666667
USAdarFarsi:-1.31818181818182
